64 300 27
1 10 15
1 17 23
1 21 1
2 58 56
2 44 84
2 41 93
2 37 10
2 61 37
3 32 87
3 25 75
3 16 52
3 7 95
3 16 85
4 7 15
4 28 44
4 60 80
4 33 30
4 39 91
5 37 49
5 54 99
5 2 67
5 25 42
6 38 12
6 35 49
6 50 43
6 20 63
7 22 70
7 52 83
7 11 1
7 24 50
7 25 72
7 2 28
8 43 65
8 10 63
8 61 29
8 15 79
8 20 48
9 50 26
9 62 72
9 20 16
9 18 48
10 44 99
10 42 63
10 59 6
10 45 21
10 2 74
11 28 59
11 26 79
11 45 10
11 41 19
11 17 55
12 13 33
12 61 82
12 31 24
12 35 81
13 29 22
13 23 68
13 28 19
13 32 52
14 35 69
14 24 52
14 23 42
15 4 44
15 55 9
15 40 91
15 42 41
16 15 98
16 54 13
16 59 65
16 33 30
16 23 40
17 11 24
17 57 49
17 22 78
17 30 23
17 27 7
17 43 9
17 20 12
18 59 68
18 43 22
18 37 97
18 63 72
18 57 79
18 2 10
19 46 93
19 39 20
19 12 29
19 61 99
19 53 90
20 58 4
20 27 45
20 52 91
20 13 88
20 13 34
20 45 92
20 2 83
21 14 17
21 27 64
21 3 14
21 4 42
21 64 63
21 59 4
21 5 94
21 12 54
22 53 84
22 59 27
22 54 13
23 30 38
23 17 46
23 43 39
23 39 89
23 33 64
23 37 50
23 25 9
23 29 19
24 45 66
24 47 78
24 40 89
24 28 16
24 56 2
24 23 29
24 56 50
24 17 44
24 45 11
24 50 1
26 47 41
26 27 47
26 34 73
26 34 92
26 59 3
27 47 43
27 32 89
27 54 43
27 57 38
27 5 97
27 2 96
28 25 73
28 14 89
28 46 49
28 63 11
29 7 65
29 48 27
29 16 91
29 21 41
29 20 68
29 64 21
29 61 72
29 2 34
29 60 99
29 14 42
29 25 94
30 51 27
30 26 47
30 57 28
30 29 45
30 54 35
31 38 2
31 2 11
31 54 31
31 4 71
32 5 21
32 37 73
32 21 12
32 3 89
32 57 72
32 62 7
33 25 21
33 10 12
33 12 84
34 35 65
34 48 87
34 21 3
34 36 22
34 29 61
34 58 12
35 28 93
35 20 78
35 49 60
35 30 47
36 31 59
36 1 93
36 1 21
36 58 18
36 16 83
36 42 61
37 19 38
37 26 76
37 8 76
37 63 55
37 63 5
38 42 21
38 10 87
38 63 36
38 43 22
39 31 98
39 18 67
40 16 58
40 16 1
40 36 83
41 22 86
41 34 78
41 46 88
42 47 73
42 51 68
42 58 49
42 28 63
43 29 54
43 44 6
44 11 64
44 48 40
44 7 87
44 13 35
44 15 60
44 47 83
45 60 61
45 10 25
45 63 11
45 12 59
45 39 66
45 31 29
45 63 16
45 7 25
45 38 1
46 21 61
46 48 51
46 30 67
46 43 42
47 20 27
47 37 30
47 26 15
47 30 16
48 20 35
48 46 47
48 30 82
48 41 18
48 58 11
48 2 26
48 38 82
49 29 79
49 63 3
49 62 4
49 41 84
49 15 96
49 33 27
49 29 93
50 1 83
50 55 58
50 13 70
50 6 89
51 62 82
51 61 12
51 9 92
52 2 34
52 64 25
52 13 92
53 48 63
53 12 34
53 15 43
54 14 58
54 5 60
54 12 96
54 38 92
54 24 30
54 49 38
54 18 84
55 7 66
56 47 55
56 39 57
56 63 99
56 35 94
56 32 13
57 43 64
58 27 8
58 26 22
58 35 52
58 12 63
58 28 77
59 1 21
59 45 95
59 62 46
59 27 7
59 61 22
59 45 81
59 39 76
59 17 1
59 32 31
60 19 91
60 45 42
60 50 94
60 45 48
61 62 58
61 20 96
61 22 37
62 63 43
62 49 21
63 8 1
63 58 49
64 22 37
64 36 97
64 39 30
